export const nightLighting = [
    {
        name: 'Avenida São João',
        level: 'bem_iluminada',
        coords: [[-23.54448, -46.63650], [-23.54366, -46.63790], [-23.54135, -46.64202], [-23.54116, -46.64210], [-23.54297, -46.63913], [-23.54248, -46.64001], [-23.54236, -46.64024], [-23.54191, -46.64103], [-23.54236, -46.64024], [-23.54229, -46.64035], [-23.54182, -46.64118], [-23.54138, -46.64198], [-23.54315, -46.63880], [-23.54304, -46.63900], [-23.54333, -46.63848], [-23.54318, -46.63876], [-23.54135, -46.64202], [-23.54124, -46.64224], [-23.54149, -46.64178], [-23.54229, -46.64035], [-23.54216, -46.64059]]
    },
    {
        name: 'Avenida Ipiranga',
        level: 'parcial',
        coords: [[-23.54294, -46.64115], [-23.54297, -46.64120], [-23.54296, -46.64125], [-23.54236, -46.64024], [-23.54253, -46.64046], [-23.54302, -46.64105], [-23.54555, -46.64409], [-23.54520, -46.64365], [-23.54516, -46.64359], [-23.54040, -46.63776], [-23.54066, -46.63817], [-23.54102, -46.63873], [-23.54112, -46.63888], [-23.54143, -46.63907], [-23.54225, -46.64010], [-23.54122, -46.63901], [-23.54152, -46.63939], [-23.54217, -46.64020], [-23.54112, -46.63888], [-23.53986, -46.63670], [-23.53993, -46.63681], [-23.54049, -46.63767], [-23.54055, -46.63776], [-23.54097, -46.63842], [-23.54118, -46.63874], [-23.54494, -46.64357], [-23.54542, -46.64413], [-23.54633, -46.64497], [-23.54602, -46.64461], [-23.54551, -46.64424], [-23.54605, -46.64489], [-23.54619, -46.64504], [-23.54229, -46.64035], [-23.54245, -46.64055], [-23.54294, -46.64115], [-23.54132, -46.63893]]
    },
    {
        name: 'Rua Barão de Itapetininga',
        level: 'escura',
        coords: [[-23.54364, -46.64188], [-23.54379, -46.64169], [-23.54400, -46.64143], [-23.54450, -46.64081], [-23.54544, -46.63963], [-23.54560, -46.63943]]
    },
    {
        name: 'Rua Dom José de Barros',
        level: 'bem_iluminada',
        coords: [[-23.54525, -46.64175], [-23.54450, -46.64081], [-23.54387, -46.64002], [-23.54324, -46.63925], [-23.54304, -46.63900], [-23.54392, -46.64009], [-23.54390, -46.64006]]
    },
    {
        name: 'Rua Conselheiro Crispiniano',
        level: 'parcial',
        coords: [[-23.54470, -46.63864], [-23.54392, -46.63815], [-23.54377, -46.63807], [-23.54363, -46.63806], [-23.54560, -46.63943], [-23.54690, -46.64047], [-23.54553, -46.63938]]
    },
];
